 Run_No.   Original_ID Tr     Solution     Inbr_%                                                                        
       1        106001  1    28.165169        0.000    
       1        106001  2    12.595086        0.000    
       1        106001  3   -5.5908128        0.000    
       2        106006  1   -20.653152        0.000    
       2        106006  2   -3.0139319        0.000    
       2        106006  3    1.9340235        0.000    
       3        106011  1    15.440851        0.000    
       3        106011  2  -0.52098142        0.000    
       3        106011  3  -0.48010127        0.000    
       4        106012  1  -0.19484185        0.000    
       4        106012  2   -11.288974        0.000    
       4        106012  3    3.9373331        0.000    
       5        106024  1    16.892615        0.000    
       5        106024  2    9.9070271        0.000    
       5        106024  3   -4.1721724        0.000    
       6        106077  1   -3.7439618        0.000    
       6        106077  2   -1.3543607        0.000    
       6        106077  3   0.63182851        0.000    
       7        106084  1    26.469062        0.000    
       7        106084  2    6.9889124        0.000    
       7        106084  3   -3.5666396        0.000    
       8        106087  1    64.188545        0.000    
       8        106087  2    1.8132105        0.000    
       8        106087  3   -3.3815527        0.000    
       9        106116  1   -60.696391        0.000    
       9        106116  2   -14.845409        0.000    
       9        106116  3    7.7680076        0.000    
      10        106123  1    9.4500389        0.000    
      10        106123  2   -2.1191562        0.000    
      10        106123  3   0.33263533        0.000    
      11        106137  1   -17.327969        0.000    
      11        106137  2    1.2466914        0.000    
      11        106137  3   0.30854574        0.000    
      12        106148  1   -28.843651        0.000    
      12        106148  2    2.6148521        0.000    
      12        106148  3   0.32589984        0.000    
      13        106153  1    34.791747        0.000    
      13        106153  2    1.5764262        0.000    
      13        106153  3   -2.0395650        0.000    
      14        106161  1    45.099947        0.000    
      14        106161  2    7.9807850        0.000    
      14        106161  3   -4.7103415        0.000    
      15        106166  1   -19.649466        0.000    
      15        106166  2    5.2500865        0.000    
      15        106166  3  -0.98542425        0.000    
      16        106168  1   -31.587502        0.000    
      16        106168  2   -11.704323        0.000    
      16        106168  3    5.4273923        0.000    
      17        106246  1    49.974140        0.000    
      17        106246  2    1.5849447        0.000    
      17        106246  3   -2.6930897        0.000    
      18        106963  1    62.172361        0.000    
      18        106963  2    14.374987        0.000    
      18        106963  3   -7.6674280        0.000    
      19        701002  1    21.666089        0.000    
      19        701002  2  -0.47177321        0.000    
      19        701002  3  -0.76430303        0.000    
      20        701010  1   -12.254115        0.000    
      20        701010  2   -1.6975562        0.000    
      20        701010  3    1.1159916        0.000    
      21        701014  1    12.452311        0.000    
      21        701014  2   -9.5064510        0.000    
      21        701014  3    2.7751178        0.000    
      22        701019  1   -6.7660814        0.000    
      22        701019  2  -0.92970399        0.000    
      22        701019  3   0.61348985        0.000    
      23        701026  1   -4.1097706        0.000    
      23        701026  2    1.7393225        0.000    
      23        701026  3  -0.42919861        0.000    
      24        701028  1   0.95086440        0.000    
      24        701028  2   0.97423833E-001   0.000    
      24        701028  3  -0.74738325E-001   0.000    
      25        701042  1    23.915325        0.000    
      25        701042  2   -5.8450255        0.000    
      25        701042  3    1.0095057        0.000    
      26        701061  1    47.322652        0.000    
      26        701061  2    14.578191        0.000    
      26        701061  3   -7.1018328        0.000    
      27        701063  1   -1.6122986        0.000    
      27        701063  2  -0.89332716E-001   0.000    
      27        701063  3   0.10006615        0.000    
      28        701064  1   -13.591991        0.000    
      28        701064  2   -10.978200        0.000    
      28        701064  3    4.4033843        0.000    
      29        701101  1   -22.537024        0.000    
      29        701101  2    3.6285740        0.000    
      29        701101  3  -0.29704108        0.000    
      30        701102  1   -31.833136        0.000    
      30        701102  2   -2.2132701        0.000    
      30        701102  3    2.1344483        0.000    
      31        701103  1    22.690298        0.000    
      31        701103  2   -2.1577402        0.000    
      31        701103  3  -0.22139644        0.000    
      32        701140  1    15.974545        0.000    
      32        701140  2   -3.2985458        0.000    
      32        701140  3   0.46357406        0.000    
      33        701153  1   -34.739384        0.000    
      33        701153  2   -11.096812        0.000    
      33        701153  3    5.3507544        0.000    
      34        701170  1    54.862585        0.000    
      34        701170  2   0.15536215        0.000    
      34        701170  3   -2.4051610        0.000    
      35        702207  1   -3.6546495        0.000    
      35        702207  2   -7.5598606        0.000    
      35        702207  3    2.7877389        0.000    
      36        702220  1   -5.0947550        0.000    
      36        702220  2   -4.6385413        0.000    
      36        702220  3    1.8327992        0.000    
      37        702224  1    45.909323        0.000    
      37        702224  2    1.5832665        0.000    
      37        702224  3   -2.5184101        0.000    
      38        702259  1    5.5384670        0.000    
      38        702259  2    9.3553675        0.000    
      38        702259  3   -3.4935885        0.000    
      39        702279  1   -13.726093        0.000    
      39        702279  2    1.9028927        0.000    
      39        702279  3  -0.74125155E-001   0.000    
      40        702329  1    6.7331052        0.000    
      40        702329  2    9.4732967        0.000    
      40        702329  3   -3.5858160        0.000    
      41        702332  1   0.28778484        0.000    
      41        702332  2    4.7658662        0.000    
      41        702332  3   -1.6710399        0.000    
      42        702335  1    14.945384        0.000    
      42        702335  2    3.6912103        0.000    
      42        702335  3   -1.9252436        0.000    
      43        702339  1   -21.067326        0.000    
      43        702339  2   -2.0485914        0.000    
      43        702339  3    1.6157777        0.000    
      44        702342  1    4.4484994        0.000    
      44        702342  2    2.0583575        0.000    
      44        702342  3  -0.90706916        0.000    
      45        702345  1   -47.850448        0.000    
      45        702345  2   -6.0741020        0.000    
      45        702345  3    4.1646424        0.000    
      46        702356  1   -10.314070        0.000    
      46        702356  2   -6.2222065        0.000    
      46        702356  3    2.6075702        0.000    
      47        702369  1   -13.622145        0.000    
      47        702369  2   -1.3726966        0.000    
      47        702369  3    1.0614226        0.000    
      48        702371  1   -16.762014        0.000    
      48        702371  2   -6.9374320        0.000    
      48        702371  3    3.1328604        0.000    
      49        703001  1   -27.385609        0.000    
      49        703001  2   -1.5825806        0.000    
      49        703001  3    1.7248699        0.000    
      50        703005  1    7.8023758        0.000    
      50        703005  2   0.66431064        0.000    
      50        703005  3  -0.56561811        0.000    
      51        703006  1  -0.58645633        0.000    
      51        703006  2    2.5788425        0.000    
      51        703006  3  -0.87259458        0.000    
      52        703011  1   -18.447207        0.000    
      52        703011  2   -1.6982843        0.000    
      52        703011  3    1.3816248        0.000    
      53        703012  1   -48.731511        0.000    
      53        703012  2   -24.154796        0.000    
      53        703012  3    10.495175        0.000    
      54        703077  1    2.6467977        0.000    
      54        703077  2    13.012449        0.000    
      54        703077  3   -4.6423698        0.000    
      55        703084  1    58.171259        0.000    
      55        703084  2   0.88073970        0.000    
      55        703084  3   -2.7991438        0.000    
      56        703087  1    23.753807        0.000    
      56        703087  2    9.9729219        0.000    
      56        703087  3   -4.4892114        0.000    
      57        703095  1   -10.746879        0.000    
      57        703095  2  -0.10831426        0.000    
      57        703095  3   0.49823121        0.000    
      58        703148  1   -31.073907        0.000    
      58        703148  2   -2.0937617        0.000    
      58        703148  3    2.0600667        0.000    
      59        703153  1   -26.021791        0.000    
      59        703153  2  -0.63288999        0.000    
      59        703153  3    1.3351963        0.000    
      60        703161  1    12.575423        0.000    
      60        703161  2    9.4744306        0.000    
      60        703161  3   -3.8364734        0.000    
      61        703166  1   -54.495650        0.000    
      61        703166  2   -7.0276249        0.000    
      61        703166  3    4.7811738        0.000    
      62        703246  1   0.62989766        0.000    
      62        703246  2   -12.542272        0.000    
      62        703246  3    4.3385809        0.000    
      63        712414  1    33.902482        0.000    
      63        712414  2    7.3617756        0.000    
      63        712414  3   -4.0151256        0.000    
      64        712427  1   -1.7676214        0.000    
      64        712427  2  -0.58318287        0.000    
      64        712427  3   0.27881940        0.000    
      65        712433  1    20.035194        0.000    
      65        712433  2   -2.8436927        0.000    
      65        712433  3   0.13116867        0.000    
      66        712474  1    33.111495        0.000    
      66        712474  2   0.17250686        0.000    
      66        712474  3   -1.4788594        0.000    
      67        712510  1   -21.856149        0.000    
      67        712510  2   -4.5464368        0.000    
      67        712510  3    2.5190607        0.000    
      68        712518  1   -11.387325        0.000    
      68        712518  2    3.3984975        0.000    
      68        712518  3  -0.69493781        0.000    
      69        712571  1    14.545715        0.000    
      69        712571  2   -2.3804659        0.000    
      69        712571  3   0.20528678        0.000    
      70        712628  1    11.117815        0.000    
      70        712628  2   -8.1300216        0.000    
      70        712628  3    2.3533662        0.000    
      71        712638  1   -8.2217152        0.000    
      71        712638  2   0.80180552        0.000    
      71        712638  3   0.73206860E-001   0.000    
      72        712656  1    2.8548031        0.000    
      72        712656  2    4.2591952        0.000    
      72        712656  3   -1.6047913        0.000    
      73        814001  1   -19.993093        0.000    
      73        814001  2   -2.6683829        0.000    
      73        814001  3    1.7854637        0.000    
      74        814002  1   -41.847182        0.000    
      74        814002  2    3.8164942        0.000    
      74        814002  3   0.46492807        0.000    
      75        814004  1   -40.650029        0.000    
      75        814004  2   -8.3929909        0.000    
      75        814004  3    4.6630349        0.000    
      76        814006  1    38.367859        0.000    
      76        814006  2   0.66100089        0.000    
      76        814006  3   -1.8741910        0.000    
      77        814007  1    3.3296532        0.000    
      77        814007  2    4.2565335        0.000    
      77        814007  3   -1.6241059        0.000    
      78        814010  1   -17.191402        0.000    
      78        814010  2    1.3814192        0.000    
      78        814010  3   0.25587765        0.000    
      79        814013  1    71.994275        0.000    
      79        814013  2    25.545453        0.000    
      79        814013  3   -11.975973        0.000    
      80        814014  1   -7.3189957        0.000    
      80        814014  2   0.56972773E-001   0.000    
      80        814014  3   0.29368882        0.000    
      81        814018  1    80.665689        0.000    
      81        814018  2  -0.36762371        0.000    
      81        814018  3   -3.3286985        0.000    
      82        814019  1   -26.490010        0.000    
      82        814019  2   0.50559193        0.000    
      82        814019  3   0.95913803        0.000    
      83        814020  1   -31.686931        0.000    
      83        814020  2   0.35254232        0.000    
      83        814020  3    1.2350065        0.000    
      84        814021  1   -10.041709        0.000    
      84        814021  2    2.8114710        0.000    
      84        814021  3  -0.54827541        0.000    
      85        814024  1   -32.289801        0.000    
      85        814024  2    1.2450514        0.000    
      85        814024  3   0.95019630        0.000    
      86        814025  1   -4.6415572        0.000    
      86        814025  2  -0.60318725        0.000    
      86        814025  3   0.40884198        0.000    
      87        814026  1    20.238100        0.000    
      87        814026  2   -6.0747910        0.000    
      87        814026  3    1.2470667        0.000    
      88        814028  1    21.298331        0.000    
      88        814028  2    9.0026920        0.000    
      88        814028  3   -4.0461126        0.000    
      89        814030  1    17.623479        0.000    
      89        814030  2   -3.0745027        0.000    
      89        814030  3   0.31478422        0.000    
      90        814032  1    62.019092        0.000    
      90        814032  2    9.0112341        0.000    
      90        814032  3   -5.7939432        0.000    
      91        814034  1    45.778355        0.000    
      91        814034  2    1.6883221        0.000    
      91        814034  3   -2.5493920        0.000    
      92        814038  1   -23.601863        0.000    
      92        814038  2   -2.2310401        0.000    
      92        814038  3    1.7878256        0.000    
      93        814040  1    36.778588        0.000    
      93        814040  2    6.6492008        0.000    
      93        814040  3   -3.8902971        0.000    
      94        814044  1    56.674328        0.000    
      94        814044  2    6.1108451        0.000    
      94        814044  3   -4.5554741        0.000    
      95        814046  1   -13.947113        0.000    
      95        814046  2   -5.9749279        0.000    
      95        814046  3    2.6772241        0.000    
      96        814048  1    52.464985        0.000    
      96        814048  2   -1.0727881        0.000    
      96        814048  3   -1.8747504        0.000    
      97        814052  1    34.390030        0.000    
      97        814052  2    3.0830907        0.000    
      97        814052  3   -2.5466767        0.000    
      98        814054  1   -2.4088049        0.000    
      98        814054  2   0.26112431        0.000    
      98        814054  3   0.12355872E-001   0.000    
      99        814058  1    11.897851        0.000    
      99        814058  2    2.6229370        0.000    
      99        814058  3   -1.4226947        0.000    
     100        814060  1    8.1881040        0.000    
     100        814060  2   -5.0033826        0.000    
     100        814060  3    1.3905438        0.000    
     101        814062  1    35.254079        0.000    
     101        814062  2    6.1056714        0.000    
     101        814062  3   -3.6356676        0.000    
     102        815004  1   -14.834171        0.000    
     102        815004  2    1.2076398        0.000    
     102        815004  3   0.21512630        0.000    
     103        815006  1    19.564487        0.000    
     103        815006  2   -3.4074361        0.000    
     103        815006  3   0.34748840        0.000    
     104        815008  1    61.163198        0.000    
     104        815008  2    4.6347745        0.000    
     104        815008  3   -4.2339260        0.000    
     105        815010  1    6.8608827        0.000    
     105        815010  2    7.6576928        0.000    
     105        815010  3   -2.9593200        0.000    
     106        815012  1   -78.662036        0.000    
     106        815012  2   -5.9640543        0.000    
     106        815012  3    5.4465493        0.000    
     107        815014  1   -79.121178        0.000    
     107        815014  2   -15.377353        0.000    
     107        815014  3    8.7424216        0.000    
     108        815018  1    14.571408        0.000    
     108        815018  2    6.8199833        0.000    
     108        815018  3   -2.9981292        0.000    
     109        815028  1    44.830061        0.000    
     109        815028  2   -1.7241567        0.000    
     109        815028  3   -1.3208361        0.000    
     110        815030  1   -42.753305        0.000    
     110        815030  2   -5.3632181        0.000    
     110        815030  3    3.6986781        0.000    
     111        815032  1   -34.121672        0.000    
     111        815032  2   -2.0354327        0.000    
     111        815032  3    2.1705421        0.000    
     112        815034  1    15.251936        0.000    
     112        815034  2    10.356091        0.000    
     112        815034  3   -4.2580495        0.000    
     113        815036  1   -13.779895        0.000    
     113        815036  2   -3.4308230        0.000    
     113        815036  3    1.7844767        0.000    
     114        815037  1   -35.532603        0.000    
     114        815037  2  -0.41156159        0.000    
     114        815037  3    1.6658939        0.000    
     115        815040  1    8.6863673        0.000    
     115        815040  2    5.5324398        0.000    
     115        815040  3   -2.2975442        0.000    
     116        815042  1   0.98665718E-001   0.000    
     116        815042  2   0.91209993        0.000    
     116        815042  3  -0.32182066        0.000    
     117        815046  1    48.659099        0.000    
     117        815046  2    10.127465        0.000    
     117        815046  3   -5.6100446        0.000    
     118        815048  1    2.9871492        0.000    
     118        815048  2    1.3520503        0.000    
     118        815048  3  -0.59866010        0.000    
     119        815052  1   -20.987827        0.000    
     119        815052  2   -8.9401526        0.000    
     119        815052  3    4.0111262        0.000    
     120        815054  1   -4.4608060        0.000    
     120        815054  2   -6.8694885        0.000    
     120        815054  3    2.5822017        0.000    
     121        815056  1   -35.461960        0.000    
     121        815056  2   -2.1522126        0.000    
     121        815056  3    2.2687907        0.000    
     122        815058  1    2.9569645        0.000    
     122        815058  2    15.362778        0.000    
     122        815058  3   -5.4736556        0.000    
     123        815060  1   -5.7675066        0.000    
     123        815060  2    7.7089544        0.000    
     123        815060  3   -2.4360449        0.000    
     124        815062  1   -5.4095112        0.000    
     124        815062  2   -7.7544659        0.000    
     124        815062  3    2.9305376        0.000    
     125        815066  1   -45.100663        0.000    
     125        815066  2   -9.5870894        0.000    
     125        815066  3    5.2693841        0.000    
     126        815068  1   -52.571162        0.000    
     126        815068  2   -9.5739943        0.000    
     126        815068  3    5.5849280        0.000    
     127        815070  1   -12.466020        0.000    
     127        815070  2   -3.5984383        0.000    
     127        815070  3    1.7865916        0.000    
     128        815074  1    53.588840        0.000    
     128        815074  2    8.8814643        0.000    
     128        815074  3   -5.3876107        0.000    
     129        815076  1    45.530695        0.000    
     129        815076  2    10.803815        0.000    
     129        815076  3   -5.7114217        0.000    
     130        815078  1   -24.260041        0.000    
     130        815078  2   -7.0375366        0.000    
     130        815078  3    3.4889666        0.000    
     131        815082  1    8.3008255        0.000    
     131        815082  2    1.4947497        0.000    
     131        815082  3  -0.87574808        0.000    
     132        815092  1   -7.7527926        0.000    
     132        815092  2    5.1742672        0.000    
     132        815092  3   -1.4683506        0.000    
     133        815102  1   0.35180259        0.000    
     133        815102  2    5.3704785        0.000    
     133        815102  3   -1.8842421        0.000    
     134        815104  1   -33.629801        0.000    
     134        815104  2   -1.6124357        0.000    
     134        815104  3    2.0023716        0.000    
     135        815106  1   -24.282124        0.000    
     135        815106  2   -24.028799        0.000    
     135        815106  3    9.4037510        0.000    
     136        815108  1    32.666736        0.000    
     136        815108  2   -1.2122515        0.000    
     136        815108  3  -0.97807434        0.000    
     137        815114  1   -81.768474        0.000    
     137        815114  2   -15.827289        0.000    
     137        815114  3    9.0130070        0.000    
     138        815116  1    19.544496        0.000    
     138        815116  2    4.3800513        0.000    
     138        815116  3   -2.3621156        0.000    
     139        815118  1   -6.5845591        0.000    
     139        815118  2   -10.180703        0.000    
     139        815118  3    3.8256799        0.000    
     140        815120  1   -11.573868        0.000    
     140        815120  2    2.6101563        0.000    
     140        815120  3  -0.41263357        0.000    
     141        815124  1   -6.9403916        0.000    
     141        815124  2   -2.6866873        0.000    
     141        815124  3    1.2327042        0.000    
     142        815125  1    11.307105        0.000    
     142        815125  2    2.8198133        0.000    
     142        815125  3   -1.4660849        0.000    
     143        815126  1   -19.537595        0.000    
     143        815126  2   -16.818626        0.000    
     143        815126  3    6.6910694        0.000    
     144        815128  1   -46.857256        0.000    
     144        815128  2   -5.5934464        0.000    
     144        815128  3    3.9546852        0.000    
     145        815130  1   -21.038461        0.000    
     145        815130  2   -10.485901        0.000    
     145        815130  3    4.5511358        0.000    
     146        815131  1    47.788550        0.000    
     146        815131  2    23.562664        0.000    
     146        815131  3   -10.248979        0.000    
     147        815132  1   -10.055156        0.000    
     147        815132  2   -1.6078921        0.000    
     147        815132  3   0.99045353        0.000    
     148        815134  1   -9.1588757        0.000    
     148        815134  2  -0.92003201        0.000    
     148        815134  3   0.71269813        0.000    
     149        815136  1    15.018518        0.000    
     149        815136  2    2.8942511        0.000    
     149        815136  3   -1.6507715        0.000    
     150        815142  1    7.7378903        0.000    
     150        815142  2    5.9929867        0.000    
     150        815142  3   -2.4175797        0.000    
     151        815146  1   -29.394037        0.000    
     151        815146  2   -4.4273847        0.000    
     151        815146  3    2.8005169        0.000    
     152        815148  1    20.905088        0.000    
     152        815148  2   -2.0490714        0.000    
     152        815148  3  -0.18257336        0.000    
     153        815150  1    37.865531        0.000    
     153        815150  2    9.9905220        0.000    
     153        815150  3   -5.0998380        0.000    
     154        815152  1   -5.4694771        0.000    
     154        815152  2    1.5776463        0.000    
     154        815152  3  -0.31483236        0.000    
     155        815154  1   -61.973753        0.000    
     155        815154  2   -8.6430047        0.000    
     155        815154  3    5.6637850        0.000    
     156        815156  1    27.047207        0.000    
     156        815156  2    1.2792125        0.000    
     156        815156  3   -1.6041136        0.000    
     157        815158  1   -46.052618        0.000    
     157        815158  2   -7.5508011        0.000    
     157        815158  3    4.6013379        0.000    
     158        815164  1    40.784533        0.000    
     158        815164  2    13.347254        0.000    
     158        815164  3   -6.3931779        0.000    
     159        815166  1    59.829372        0.000    
     159        815166  2    18.370673        0.000    
     159        815166  3   -8.9577174        0.000    
     160        815168  1    64.342036        0.000    
     160        815168  2    20.608717        0.000    
     160        815168  3   -9.9295633        0.000    
     161        815182  1   -67.948429        0.000    
     161        815182  2   -10.754276        0.000    
     161        815182  3    6.6546943        0.000    
     162        815184  1    10.566080        0.000    
     162        815184  2   0.18306668E-001   0.000    
     162        815184  3  -0.45936131        0.000    
     163        815186  1    23.595674        0.000    
     163        815186  2    6.6998368        0.000    
     163        815186  3   -3.3431052        0.000    
     164        815187  1    55.329048        0.000    
     164        815187  2    3.9419917        0.000    
     164        815187  3   -3.7430357        0.000    
     165        815188  1    21.415072        0.000    
     165        815188  2    14.816102        0.000    
     165        815188  3   -6.0746118        0.000    
     166        815190  1    55.944346        0.000    
     166        815190  2    10.094494        0.000    
     166        815190  3   -5.9104450        0.000    
     167        815192  1   -5.9533386        0.000    
     167        815192  2    3.8972020        0.000    
     167        815192  3   -1.1012816        0.000    
     168        815196  1   -1.6597894        0.000    
     168        815196  2    11.719850        0.000    
     168        815196  3   -4.0079969        0.000    
     169        815202  1   -44.440867        0.000    
     169        815202  2   -3.3239198        0.000    
     169        815202  3    3.0617067        0.000    
     170        815204  1    67.370276        0.000    
     170        815204  2    14.899333        0.000    
     170        815204  3   -8.0725454        0.000    
     171        815206  1   -26.986493        0.000    
     171        815206  2   -4.1259472        0.000    
     171        815206  3    2.5922765        0.000    
     172        815210  1    31.757007        0.000    
     172        815210  2    4.7705418        0.000    
     172        815210  3   -3.0213821        0.000    
     173        815214  1   -7.6546065        0.000    
     173        815214  2   0.12324698        0.000    
     173        815214  3   0.28512684        0.000    
     174        815216  1   -21.778011        0.000    
     174        815216  2  -0.51744973        0.000    
     174        815216  3    1.1132376        0.000    
     175        815218  1   -9.2394768        0.000    
     175        815218  2   0.68860178        0.000    
     175        815218  3   0.15630451        0.000    
     176        815220  1   -4.4118483        0.000    
     176        815220  2   -1.4480286        0.000    
     176        815220  3   0.69294796        0.000    
     177        815222  1   -31.355013        0.000    
     177        815222  2   -14.001415        0.000    
     177        815222  3    6.2169372        0.000    
     178        815224  1    43.979956        0.000    
     178        815224  2    9.8040813        0.000    
     178        815224  3   -5.2966549        0.000    
     179        815230  1   -4.6158143        0.000    
     179        815230  2    2.7573783        0.000    
     179        815230  3  -0.76204435        0.000    
     180        815232  1   -25.615265        0.000    
     180        815232  2   -5.0020745        0.000    
     180        815232  3    2.8388983        0.000    
     181        815234  1    8.0633480        0.000    
     181        815234  2    4.9634517        0.000    
     181        815234  3   -2.0733235        0.000    
     182        815238  1   -59.009957        0.000    
     182        815238  2   -4.9325545        0.000    
     182        815238  3    4.2453741        0.000    
     183        815246  1   -48.754175        0.000    
     183        815246  2   -11.539610        0.000    
     183        815246  3    6.1056130        0.000    
     184        815251  1   -5.6758748        0.000    
     184        815251  2   -12.943982        0.000    
     184        815251  3    4.7481643        0.000    
     185        816004  1   -69.229982        0.000    
     185        816004  2   -16.816153        0.000    
     185        816004  3    8.8195711        0.000    
     186        816006  1   -80.595352        0.000    
     186        816006  2   -18.922205        0.000    
     186        816006  3    10.039591        0.000    
     187        816008  1   -41.643837        0.000    
     187        816008  2   -3.9493493        0.000    
     187        816008  3    3.1591116        0.000    
     188        816010  1   -31.232684        0.000    
     188        816010  2   0.56912788E-001   0.000    
     188        816010  3    1.3185140        0.000    
     189        816016  1    31.834465        0.000    
     189        816016  2    4.5202594        0.000    
     189        816016  3   -2.9375261        0.000    
     190        816020  1   -68.382975        0.000    
     190        816020  2   -11.824683        0.000    
     190        816020  3    7.0457571        0.000    
     191        816023  1   -23.084241        0.000    
     191        816023  2   -12.811592        0.000    
     191        816023  3    5.4481584        0.000    
     192        816028  1   -57.810727        0.000    
     192        816028  2   -19.408929        0.000    
     192        816028  3    9.2324940        0.000    
     193        816030  1   -33.740929        0.000    
     193        816030  2   -22.211976        0.000    
     193        816030  3    9.1768812        0.000    
     194        816031  1   -56.773837        0.000    
     194        816031  2   -9.3966166        0.000    
     194        816031  3    5.7032779        0.000    
     195        816032  1   -22.275203        0.000    
     195        816032  2    5.2165550        0.000    
     195        816032  3  -0.86090993        0.000    
     196        816034  1    16.025296        0.000    
     196        816034  2    7.7640978        0.000    
     196        816034  3   -3.3890128        0.000    
     197        816038  1   -6.8463145        0.000    
     197        816038  2   -8.4142669        0.000    
     197        816038  3    3.2218742        0.000    
     198        816039  1  -0.82253438        0.000    
     198        816039  2    3.5075675        0.000    
     198        816039  3   -1.1856854        0.000    
     199        816040  1    24.933512        0.000    
     199        816040  2   0.58744880        0.000    
     199        816040  3   -1.2729862        0.000    
     200        816042  1    18.870299        0.000    
     200        816042  2    10.156401        0.000    
     200        816042  3   -4.3428451        0.000    
     201        816043  1   -60.190617        0.000    
     201        816043  2   -2.0373567        0.000    
     201        816043  3    3.2883460        0.000    
     202        816044  1    93.270608        0.000    
     202        816044  2    5.6418181        0.000    
     202        816044  3   -5.9604052        0.000    
     203        816049  1    58.093284        0.000    
     203        816049  2    4.7745854        0.000    
     203        816049  3   -4.1511551        0.000    
     204        816050  1    27.847004        0.000    
     204        816050  2  -0.62308034        0.000    
     204        816050  3  -0.97615651        0.000    
     205        816053  1   -50.996611        0.000    
     205        816053  2    3.4991323        0.000    
     205        816053  3   0.96742904        0.000    
     206        816058  1    13.211620        0.000    
     206        816058  2    24.405196        0.000    
     206        816058  3   -9.0605696        0.000    
     207        816060  1   -7.9065417        0.000    
     207        816060  2   0.38655826E-001   0.000    
     207        816060  3   0.32509976        0.000    
     208        816062  1   -35.422303        0.000    
     208        816062  2   -12.343533        0.000    
     208        816062  3    5.8143840        0.000    
     209        816066  1   -74.244688        0.000    
     209        816066  2   -4.7200046        0.000    
     209        816066  3    4.8242281        0.000    
     210        816068  1   -33.985520        0.000    
     210        816068  2   -15.316448        0.000    
     210        816068  3    6.7872383        0.000    
     211        816070  1   -15.913935        0.000    
     211        816070  2   -7.8699565        0.000    
     211        816070  3    3.4208842        0.000    
     212        816071  1    17.664628        0.000    
     212        816071  2   -2.4964648        0.000    
     212        816071  3   0.11195749        0.000    
     213        816072  1    27.397423        0.000    
     213        816072  2   -4.6694070        0.000    
     213        816072  3   0.45116135        0.000    
     214        816080  1  -0.51190648        0.000    
     214        816080  2    6.0941424        0.000    
     214        816080  3   -2.0991410        0.000    
     215        816086  1    23.307488        0.000    
     215        816086  2    4.9882928        0.000    
     215        816086  3   -2.7350722        0.000    
     216        816092  1   -42.469033        0.000    
     216        816092  2   -2.2890931        0.000    
     216        816092  3    2.6168900        0.000    
     217        816094  1   -32.798931        0.000    
     217        816094  2   -8.6290389        0.000    
     217        816094  3    4.4087137        0.000    
     218        816098  1    10.991877        0.000    
     218        816098  2   -2.4938253        0.000    
     218        816098  3   0.39696957        0.000    
     219        816114  1   -26.068925        0.000    
     219        816114  2   -19.137148        0.000    
     219        816114  3    7.7776274        0.000    
     220        816116  1   -22.709279        0.000    
     220        816116  2    9.6419686        0.000    
     220        816116  3   -2.3829260        0.000    
     221        816120  1   -6.2765135        0.000    
     221        816120  2    1.5696091        0.000    
     221        816120  3  -0.27740983        0.000    
     222        816122  1   -70.858495        0.000    
     222        816122  2   -22.359575        0.000    
     222        816122  3    10.818638        0.000    
     223        816126  1    65.458392        0.000    
     223        816126  2    4.7702749        0.000    
     223        816126  3   -4.4654819        0.000    
     224        816136  1   -41.069343        0.000    
     224        816136  2   -18.636164        0.000    
     224        816136  3    8.2462287        0.000    
     225        816140  1   -57.667949        0.000    
     225        816140  2   -2.6425698        0.000    
     225        816140  3    3.3909165        0.000    
     226        816142  1   -1.3160329        0.000    
     226        816142  2    3.4215294        0.000    
     226        816142  3   -1.1345182        0.000    
     227        816143  1    21.621177        0.000    
     227        816143  2    3.8199979        0.000    
     227        816143  3   -2.2559658        0.000    
     228        816144  1   -10.395842        0.000    
     228        816144  2   -11.080716        0.000    
     228        816144  3    4.3019228        0.000    
     229        816148  1    23.582101        0.000    
     229        816148  2   0.79992084        0.000    
     229        816148  3   -1.2889790        0.000    
     230        816156  1    28.129849        0.000    
     230        816156  2   -11.815613        0.000    
     230        816156  3    2.9071117        0.000    
     231        816158  1    3.1104614        0.000    
     231        816158  2   -8.0018973        0.000    
     231        816158  3    2.6517891        0.000    
     232        816164  1   -17.645155        0.000    
     232        816164  2    7.6808868        0.000    
     232        816164  3   -1.9172322        0.000    
     233        816168  1    29.301998        0.000    
     233        816168  2    29.888173        0.000    
     233        816168  3   -11.657874        0.000    
     234        816174  1    30.438795        0.000    
     234        816174  2    7.5340163        0.000    
     234        816174  3   -3.9267081        0.000    
     235        816178  1    31.908318        0.000    
     235        816178  2    18.942062        0.000    
     235        816178  3   -7.9601899        0.000    
     236        816182  1    26.826600        0.000    
     236        816182  2    3.1428056        0.000    
     236        816182  3   -2.2436023        0.000    
     237        816183  1   -38.344492        0.000    
     237        816183  2    1.6341648        0.000    
     237        816183  3    1.0742608        0.000    
     238        816201  1    17.751320        0.000    
     238        816201  2   0.67533518        0.000    
     238        816201  3  -0.99582513        0.000    
     239        816202  1    79.159174        0.000    
     239        816202  2    15.310615        0.000    
     239        816202  3   -8.7212087        0.000    
     240        816207  1  -0.31102239        0.000    
     240        816207  2   -3.1180579        0.000    
     240        816207  3    1.0984365        0.000    
     241        816210  1    15.675842        0.000    
     241        816210  2    6.8358674        0.000    
     241        816210  3   -3.0508574        0.000    
     242        816214  1   -16.319093        0.000    
     242        816214  2    8.9109260        0.000    
     242        816214  3   -2.4023947        0.000    
     243        816220  1    56.547508        0.000    
     243        816220  2    11.849545        0.000    
     243        816220  3   -6.5472854        0.000    
     244        816224  1    114.97815       12.500    
     244        816224  2    20.882483       12.500    
     244        816224  3   -12.195099       12.500    
     245        816228  1    8.2884809        0.000    
     245        816228  2   -2.6873304        0.000    
     245        816228  3   0.58016590        0.000    
     246        816230  1    81.012606        0.000    
     246        816230  2    26.256951        0.000    
     246        816230  3   -12.609995        0.000    
     247        816231  1    24.884385        0.000    
     247        816231  2    19.023910        0.000    
     247        816231  3   -7.6875418        0.000    
     248        816232  1   -58.760753       12.500    
     248        816232  2   -13.339177       12.500    
     248        816232  3    7.1606861       12.500    
     249        816236  1   -9.2445787        0.000    
     249        816236  2    9.7625028        0.000    
     249        816236  3   -3.0017785        0.000    
     250        816238  1   -12.232582        0.000    
     250        816238  2   -7.7067608        0.000    
     250        816238  3    3.2065432        0.000    
     251        816239  1    29.020828        0.000    
     251        816239  2    7.5488511        0.000    
     251        816239  3   -3.8709633        0.000    
     252        817506  1    26.246697        0.000    
     252        817506  2    4.7796463        0.000    
     252        817506  3   -2.7880872        0.000    
     253        817508  1    2.6731043        0.000    
     253        817508  2    1.4740671        0.000    
     253        817508  3  -0.62759168        0.000    
     254        817510  1    10.955891        0.000    
     254        817510  2    3.5086245        0.000    
     254        817510  3   -1.6906071        0.000    
     255        817512  1   -27.909929        0.000    
     255        817512  2   -5.7768248        0.000    
     255        817512  3    3.2066762        0.000    
     256        817516  1   -1.6851349        0.000    
     256        817516  2   -1.3628597        0.000    
     256        817516  3   0.54689791        0.000    
     257        817518  1    33.062059        0.000    
     257        817518  2   -4.3180922        0.000    
     257        817518  3   0.86253834E-001   0.000    
     258        817524  1    47.319369        0.000    
     258        817524  2    32.295570        0.000    
     258        817524  3   -13.268470        0.000    
     259        817526  1   -13.386825        0.000    
     259        817526  2   0.67808766        0.000    
     259        817526  3   0.33763777        0.000    
     260        817529  1   -4.3050950        0.000    
     260        817529  2   -6.1590971        0.000    
     260        817529  3    2.3282167        0.000    
     261        817530  1   -40.084278        0.000    
     261        817530  2   -12.863623        0.000    
     261        817530  3    6.1950243        0.000    
     262        817538  1   -93.419134        0.000    
     262        817538  2   -4.2820125        0.000    
     262        817538  3    5.4935937        0.000    
     263        817544  1   -46.601017        0.000    
     263        817544  2   -3.5016643        0.000    
     263        817544  3    3.2156238        0.000    
     264        817547  1    46.349975        0.000    
     264        817547  2    6.3066140        0.000    
     264        817547  3   -4.1813743        0.000    
     265        817550  1   -34.463404        0.000    
     265        817550  2   -20.964749        0.000    
     265        817550  3    8.7734622        0.000    
     266        817552  1   -15.846246        0.000    
     266        817552  2   -12.777984        0.000    
     266        817552  3    5.1264972        0.000    
     267        817556  1   -14.609248        0.000    
     267        817556  2   0.48777344        0.000    
     267        817556  3   0.45626345        0.000    
     268        817558  1   -1.9838717        0.000    
     268        817558  2   0.65992504        0.000    
     268        817558  3  -0.14462620        0.000    
     269        817560  1   0.87925811        0.000    
     269        817560  2   -5.4936194        0.000    
     269        817560  3    1.8743193        0.000    
     270        817562  1   -3.2174427        0.000    
     270        817562  2   -10.380577        0.000    
     270        817562  3    3.7507825        0.000    
     271        817564  1   -68.180911        0.000    
     271        817564  2   -5.7285964        0.000    
     271        817564  3    4.9155707        0.000    
     272        817569  1   -13.036057        0.000    
     272        817569  2    6.4783356        0.000    
     272        817569  3   -1.6961987        0.000    
     273        817577  1  -0.80809659        0.000    
     273        817577  2   -1.2794834        0.000    
     273        817577  3   0.47977403        0.000    
     274        817580  1    26.822501        0.000    
     274        817580  2   -1.0311952        0.000    
     274        817580  3  -0.79058887        0.000    
     275        817581  1   -18.332338        0.000    
     275        817581  2    1.5034019        0.000    
     275        817581  3   0.26231173        0.000    
     276        817583  1    38.353093        0.000    
     276        817583  2   -13.956530        0.000    
     276        817583  3    3.2142089        0.000    
     277        817584  1   -33.987662        0.000    
     277        817584  2   -9.6711773        0.000    
     277        817584  3    4.8226132        0.000    
     278        817586  1   -39.534889        0.000    
     278        817586  2   -8.2098976        0.000    
     278        817586  3    4.5516302        0.000    
     279        817592  1   -13.845895        0.000    
     279        817592  2  -0.64485193        0.000    
     279        817592  3   0.81775695        0.000    
     280        817596  1    60.584343        0.000    
     280        817596  2   0.94051286        0.000    
     280        817596  3   -2.9232906        0.000    
     281        817600  1    74.911256        0.000    
     281        817600  2    7.8961590        0.000    
     281        817600  3   -5.9581380        0.000    
     282        817601  1   -13.066279        0.000    
     282        817601  2   -1.0317409        0.000    
     282        817601  3   0.91912811        0.000    
     283        817602  1    3.7399515        0.000    
     283        817602  2   -1.8799856        0.000    
     283        817602  3   0.49409337        0.000    
     284        817604  1    25.302142        0.000    
     284        817604  2    5.8671330        0.000    
     284        817604  3   -3.1263783        0.000    
     285        817606  1   -11.778450        0.000    
     285        817606  2   -5.9687536        0.000    
     285        817606  3    2.5822664        0.000    
     286        817608  1    4.7649064        0.000    
     286        817608  2   -3.8956554        0.000    
     286        817608  3    1.1516226        0.000    
     287        817609  1    11.361066        0.000    
     287        817609  2    7.9414638        0.000    
     287        817609  3   -3.2508914        0.000    
     288        817610  1    54.804192        0.000    
     288        817610  2    2.4837786        0.000    
     288        817610  3   -3.2128834        0.000    
     289        817612  1   -40.967263        0.000    
     289        817612  2   -13.983697        0.000    
     289        817612  3    6.6226549        0.000    
     290        817620  1   0.78924514        0.000    
     290        817620  2  -0.75314524E-001   0.000    
     290        817620  3  -0.74884043E-002   0.000    
     291        817621  1   -34.084936        0.000    
     291        817621  2    9.5454758        0.000    
     291        817621  3   -1.8618085        0.000    
     292        817622  1    26.478694        0.000    
     292        817622  2    15.278255        0.000    
     292        817622  3   -6.4524556        0.000    
     293        817624  1    4.0424272        0.000    
     293        817624  2  -0.63673829        0.000    
     293        817624  3   0.48459045E-001   0.000    
     294        817625  1   -1.6793957        0.000    
     294        817625  2   -9.3791619        0.000    
     294        817625  3    3.3362590        0.000    
     295        817626  1   -79.704918        0.000    
     295        817626  2   -17.656615        0.000    
     295        817626  3    9.5609365        0.000    
     296        817628  1   -28.079529        0.000    
     296        817628  2    7.4868739        0.000    
     296        817628  3   -1.4024433        0.000    
     297        817632  1   -44.099308        0.000    
     297        817632  2   -2.2168882        0.000    
     297        817632  3    2.6612088        0.000    
     298        817638  1   -4.0681913        0.000    
     298        817638  2    5.8450359        0.000    
     298        817638  3   -1.8600731        0.000    
     299        817640  1    31.158461        0.000    
     299        817640  2   -10.420482        0.000    
     299        817640  3    2.2914247        0.000    
     300        817644  1    7.1699055        0.000    
     300        817644  2    4.4062853        0.000    
     300        817644  3   -1.8409442        0.000    
     301        817650  1    36.117264        0.000    
     301        817650  2    7.9044583        0.000    
     301        817650  3   -4.2988600        0.000    
     302        817654  1   -45.769245        0.000    
     302        817654  2   -2.4894791        0.000    
     302        817654  3    2.8278106        0.000    
     303        817655  1    11.333587        0.000    
     303        817655  2    14.951365        0.000    
     303        817655  3   -5.6893553        0.000    
     304        817656  1   -5.4758831        0.000    
     304        817656  2  -0.94129075        0.000    
     304        817656  3   0.56234693        0.000    
     305        817658  1    45.569164        0.000    
     305        817658  2    15.716356        0.000    
     305        817658  3   -7.4229873        0.000    
     306        817660  1    26.112762        0.000    
     306        817660  2    14.569418        0.000    
     306        817660  3   -6.1899975        0.000    
     307        817662  1    44.397748        0.000    
     307        817662  2    4.3334185        0.000    
     307        817662  3   -3.4108673        0.000    
     308        817667  1    11.717682        0.000    
     308        817667  2    8.7120404        0.000    
     308        817667  3   -3.5345455        0.000    
     309        817668  1    49.448577        0.000    
     309        817668  2    23.519028        0.000    
     309        817668  3   -10.304573        0.000    
     310        817670  1    51.664086        0.000    
     310        817670  2    13.299348        0.000    
     310        817670  3   -6.8426813        0.000    
     311        817674  1   -4.4718793        0.000    
     311        817674  2   -6.1213991        0.000    
     311        817674  3    2.3223520        0.000    
     312        817676  1    21.968775        0.000    
     312        817676  2    8.7282958        0.000    
     312        817676  3   -3.9792545        0.000    
     313        817678  1    28.708364        0.000    
     313        817678  2    7.2109653        0.000    
     313        817678  3   -3.7402518        0.000    
     314        817680  1   -39.544251        0.000    
     314        817680  2   -9.3929235        0.000    
     314        817680  3    4.9638403        0.000    
     315        817682  1    36.900048        0.000    
     315        817682  2    9.4093328        0.000    
     315        817682  3   -4.8563416        0.000    
     316        817684  1    53.910409        0.000    
     316        817684  2    4.5019581        0.000    
     316        817684  3   -3.8771318        0.000    
     317        817686  1   -30.459726        0.000    
     317        817686  2    2.0160886        0.000    
     317        817686  3   0.60352868        0.000    
     318        817688  1   -50.564822        0.000    
     318        817688  2   -11.356044        0.000    
     318        817688  3    6.1193771        0.000    
     319        817690  1    5.7758596        0.000    
     319        817690  2   0.19350318        0.000    
     319        817690  3  -0.31485179        0.000    
     320        817692  1   -3.8939065        0.000    
     320        817692  2    3.7932804        0.000    
     320        817692  3   -1.1534608        0.000    
     321        817696  1    40.040758        0.000    
     321        817696  2    23.313937        0.000    
     321        817696  3   -9.8298758        0.000    
     322        817698  1   -62.974840        0.000    
     322        817698  2   -3.5154807        0.000    
     322        817698  3    3.9221434        0.000    
     323        817700  1   -31.103268        0.000    
     323        817700  2    3.7198665        0.000    
     323        817700  3   0.38032367E-001   0.000    
     324        817702  1   -13.326594        0.000    
     324        817702  2   -2.3804434        0.000    
     324        817702  3    1.3994495        0.000    
     325        817704  1    33.856382        0.000    
     325        817704  2    5.0507371        0.000    
     325        817704  3   -3.2087005        0.000    
     326        817706  1    64.953997        0.000    
     326        817706  2  -0.74752230        0.000    
     326        817706  3   -2.5229734        0.000    
     327        817710  1   -40.550084        0.000    
     327        817710  2   -6.0701721        0.000    
     327        817710  3    3.8503125        0.000    
     328        817712  1    36.183782        0.000    
     328        817712  2    14.394642        0.000    
     328        817712  3   -6.5605342        0.000    
     329        817716  1   -67.903411        0.000    
     329        817716  2   -6.9380887        0.000    
     329        817716  3    5.3246027        0.000    
     330        817720  1   -5.7590727        0.000    
     330        817720  2   0.75736013        0.000    
     330        817720  3  -0.16761256E-001   0.000    
     331        817722  1   -11.024837        0.000    
     331        817722  2   -2.3033785        0.000    
     331        817722  3    1.2742631        0.000    
     332        817728  1   -49.295587        0.000    
     332        817728  2   -14.566347        0.000    
     332        817728  3    7.1823073        0.000    
     333        817734  1  -0.46980105        0.000    
     333        817734  2    10.391653        0.000    
     333        817734  3   -3.5967638        0.000    
     334        817744  1    92.452885        0.000    
     334        817744  2    25.195612        0.000    
     334        817744  3   -12.731090        0.000    
     335        817746  1    63.811802        0.000    
     335        817746  2    7.0554505        0.000    
     335        817746  3   -5.1900885        0.000    
     336        817748  1    3.9400035        0.000    
     336        817748  2    1.6758704        0.000    
     336        817748  3  -0.75201888        0.000    
     337        817750  1   -31.288488        0.000    
     337        817750  2   -4.4142345        0.000    
     337        817750  3    2.8771302        0.000    
     338        818502  1    76.188360        0.000    
     338        818502  2    4.7388062        0.000    
     338        818502  3   -4.9142385        0.000    
     339        818504  1    57.300020        0.000    
     339        818504  2    14.023268        0.000    
     339        818504  3   -7.3362114        0.000    
     340        818506  1    13.714438        0.000    
     340        818506  2  -0.22753278        0.000    
     340        818506  3  -0.50847848        0.000    
     341        818508  1   -8.2527713        0.000    
     341        818508  2  -0.77935542        0.000    
     341        818508  3   0.62516428        0.000    
     342        818510  1   -29.010151        0.000    
     342        818510  2   -14.405373        0.000    
     342        818510  3    6.2569534        0.000    
     343        818512  1    51.831766        0.000    
     343        818512  2   -2.3181008        0.000    
     343        818512  3   -1.4142573        0.000    
     344        818518  1    10.107834        0.000    
     344        818518  2   -1.2033875        0.000    
     344        818518  3  -0.14292184E-001   0.000    
     345        818520  1   -1.5534616        0.000    
     345        818520  2   -5.4917207        0.000    
     345        818520  3    1.9779303        0.000    
     346        818522  1   -21.483872        0.000    
     346        818522  2   -5.5593510        0.000    
     346        818522  3    2.8555801        0.000    
     347        818524  1   -39.949047        0.000    
     347        818524  2    4.8804021        0.000    
     347        818524  3   0.13158487E-001   0.000    
     348        818526  1    30.456522        0.000    
     348        818526  2    9.3032670        0.000    
     348        818526  3   -4.5431661        0.000    
     349        818530  1   -5.9510600        0.000    
     349        818530  2   -3.5878642        0.000    
     349        818530  3    1.5038912        0.000    
     350        818532  1    15.901367        0.000    
     350        818532  2    4.1356891        0.000    
     350        818532  3   -2.1208560        0.000    
     351        818536  1    1.9591083        0.000    
     351        818536  2   -10.338184        0.000    
     351        818536  3    3.5143421        0.000    
     352        818540  1   -100.23879        0.000    
     352        818540  2   -14.416108        0.000    
     352        818540  3    9.3129190        0.000    
     353        818543  1    11.724616        0.000    
     353        818543  2    4.8999507        0.000    
     353        818543  3   -2.2072585        0.000    
     354        818544  1   -62.610909        0.000    
     354        818544  2   -6.9113691        0.000    
     354        818544  3    5.0884526        0.000    
     355        818546  1    43.701559        0.000    
     355        818546  2    28.637701        0.000    
     355        818546  3   -11.840145        0.000    
     356        818550  1    22.903401        0.000    
     356        818550  2    16.059000        0.000    
     356        818550  3   -6.5709892        0.000    
     357        818554  1    18.780015        0.000    
     357        818554  2    9.9537933        0.000    
     357        818554  3   -4.2693573        0.000    
     358        818556  1   -61.397494        0.000    
     358        818556  2   -23.697869        0.000    
     358        818556  3    10.879116        0.000    
     359        818557  1    46.689801        0.000    
     359        818557  2    13.665731        0.000    
     359        818557  3   -6.7572297        0.000    
     360        818558  1    20.736819        0.000    
     360        818558  2    7.4639913        0.000    
     360        818558  3   -3.4864614        0.000    
     361        818562  1    1.3998541        0.000    
     361        818562  2  -0.13975802E-001   0.000    
     361        818562  3  -0.55042170E-001   0.000    
     362        818566  1    1.1432664        0.000    
     362        818566  2   -9.6592164        0.000    
     362        818566  3    3.3128570        0.000    
     363        818567  1    30.636857        0.000    
     363        818567  2    8.8688127        0.000    
     363        818567  3   -4.3998096        0.000    
     364        818568  1    49.067140        0.000    
     364        818568  2    16.822534        0.000    
     364        818568  3   -7.9578078        0.000    
     365        818570  1   -28.756096        0.000    
     365        818570  2   0.78081806        0.000    
     365        818570  3   0.96040915        0.000    
     366        818572  1    47.738919        0.000    
     366        818572  2   -2.9625346        0.000    
     366        818572  3   -1.0146149        0.000    
     367        818573  1    31.056292        0.000    
     367        818573  2    4.6858436        0.000    
     367        818573  3   -2.9616215        0.000    
     368        818574  1    31.273381        0.000    
     368        818574  2    4.6615805        0.000    
     368        818574  3   -2.9627362        0.000    
     369        818576  1    60.461345        0.000    
     369        818576  2    11.318621        0.000    
     369        818576  3   -6.5302978        0.000    
     370        818580  1    52.214692        0.000    
     370        818580  2    11.279539        0.000    
     370        818580  3   -6.1634660        0.000    
     371        818582  1    16.643789        0.000    
     371        818582  2    9.5515744        0.000    
     371        818582  3   -4.0378151        0.000    
     372        818587  1    28.473749        0.000    
     372        818587  2   -3.5616839        0.000    
     372        818587  3   0.19341102E-001   0.000    
     373        818588  1    36.915171        0.000    
     373        818588  2    3.4427416        0.000    
     373        818588  3   -2.7802169        0.000    
     374        818594  1    59.181136        0.000    
     374        818594  2    6.6185191        0.000    
     374        818594  3   -4.8394929        0.000    
     375        818596  1    44.070505        0.000    
     375        818596  2    9.8822990        0.000    
     375        818596  3   -5.3280221        0.000    
     376        818597  1    44.625888        0.000    
     376        818597  2    5.9983987        0.000    
     376        818597  3   -4.0000874        0.000    
     377        818598  1    78.154490        0.000    
     377        818598  2    27.001403        0.000    
     377        818598  3   -12.746844        0.000    
     378        818600  1   -34.863335        0.000    
     378        818600  2    1.1458972        0.000    
     378        818600  3    1.0950603        0.000    
     379        818602  1   -35.481170        0.000    
     379        818602  2   -8.0740177        0.000    
     379        818602  3    4.3306397        0.000    
     380        818608  1   -17.221130        0.000    
     380        818608  2  -0.23457410        0.000    
     380        818608  3   0.81976293        0.000    
     381        818610  1   -27.336647        0.000    
     381        818610  2   0.94891653        0.000    
     381        818610  3   0.84097651        0.000    
     382        818612  1    13.770537        0.000    
     382        818612  2  -0.42212790        0.000    
     382        818612  3  -0.44305031        0.000    
     383        818614  1    4.8693691        0.000    
     383        818614  2    17.671393        0.000    
     383        818614  3   -6.3592964        0.000    
     384        818616  1    27.253817        0.000    
     384        818616  2    5.5866079        0.000    
     384        818616  3   -3.1123444        0.000    
     385        818618  1    68.425130        0.000    
     385        818618  2    13.983123        0.000    
     385        818618  3   -7.7990849        0.000    
     386        818620  1    25.791668        0.000    
     386        818620  2    10.947692        0.000    
     386        818620  3   -4.9156945        0.000    
     387        818622  1    49.490765        0.000    
     387        818622  2   -7.2824231        0.000    
     387        818622  3   0.41390700        0.000    
     388        818624  1   -2.2029691        0.000    
     388        818624  2   -9.9532023        0.000    
     388        818624  3    3.5587028        0.000    
     389        818628  1    20.354513       12.500    
     389        818628  2   -5.6436328       12.500    
     389        818628  3    1.0919829       12.500    
     390        818630  1   -32.043473        0.000    
     390        818630  2   -7.9985416        0.000    
     390        818630  3    4.1567512        0.000    
     391        818632  1   -41.809052        0.000    
     391        818632  2   -4.5947427        0.000    
     391        818632  3    3.3907210        0.000    
     392        818634  1   -55.319989        0.000    
     392        818634  2   -18.223245        0.000    
     392        818634  3    8.7130594        0.000    
     393        818636  1    35.010438        0.000    
     393        818636  2    2.2152721        0.000    
     393        818636  3   -2.2713001        0.000    
     394        818638  1    19.236524        0.000    
     394        818638  2   -7.1310235        0.000    
     394        818638  3    1.6574738        0.000    
     395        818640  1    10.711022        0.000    
     395        818640  2    4.2306328        0.000    
     395        818640  3   -1.9315218        0.000    
     396        818642  1    34.502559        0.000    
     396        818642  2   -6.3520599        0.000    
     396        818642  3   0.73219406        0.000    
     397        818646  1   0.22634920        0.000    
     397        818646  2   0.17780541        0.000    
     397        818646  3  -0.71620716E-001   0.000    
     398        818647  1   0.77480289        0.000    
     398        818647  2   -14.534807        0.000    
     398        818647  3    5.0254242        0.000    
     399        818650  1   -4.2526526        0.000    
     399        818650  2   -2.4647884        0.000    
     399        818650  3    1.0401528        0.000    
     400        818656  1   -56.448638        0.000    
     400        818656  2   -9.2597764        0.000    
     400        818656  3    5.6417220        0.000    
     401        818658  1    1.9440488        0.000    
     401        818658  2    3.8793589        0.000    
     401        818658  3   -1.4336726        0.000    
     402        818660  1   -74.634967        0.000    
     402        818660  2   -11.916655        0.000    
     402        818660  3    7.3457879        0.000    
     403        818664  1    25.981565        0.000    
     403        818664  2   0.14432080        0.000    
     403        818664  3   -1.1638240        0.000    
     404        818666  1   -62.027366        0.000    
     404        818666  2   -19.091121        0.000    
     404        818666  3    9.3023851        0.000    
     405        818668  1    59.748528        0.000    
     405        818668  2   -1.9619195        0.000    
     405        818668  3   -1.8776287        0.000    
     406        818670  1   -20.724426        0.000    
     406        818670  2    5.1882604        0.000    
     406        818670  3  -0.91777392        0.000    
     407        818672  1    3.1034197        0.000    
     407        818672  2   0.33620638E-001   0.000    
     407        818672  3  -0.14472391        0.000    
     408        818673  1   -64.799779        0.000    
     408        818673  2   -19.191736        0.000    
     408        818673  3    9.4563675        0.000    
     409        818674  1   -19.971373        0.000    
     409        818674  2    5.1766111        0.000    
     409        818674  3  -0.94591901        0.000    
     410        818676  1    72.074985        0.000    
     410        818676  2    11.443440        0.000    
     410        818676  3   -7.0714539        0.000    
     411        818682  1    1.6843762        0.000    
     411        818682  2    11.749219        0.000    
     411        818682  3   -4.1615517        0.000    
     412        818684  1    46.838710        0.000    
     412        818684  2    2.8335320        0.000    
     412        818684  3   -2.9932965        0.000    
     413        818686  1   -9.9787543       12.500    
     413        818686  2    3.4345247       12.500    
     413        818686  3  -0.76789340       12.500    
     414        818687  1   -19.387182        0.000    
     414        818687  2    3.0731649        0.000    
     414        818687  3  -0.23906713        0.000    
     415        818688  1   -36.332602        0.000    
     415        818688  2   -7.3246550        0.000    
     415        818688  3    4.1061924        0.000    
     416        818692  1   -17.800202        0.000    
     416        818692  2   -3.0771268        0.000    
     416        818692  3    1.8337747        0.000    
     417        818694  1    36.071781        0.000    
     417        818694  2    4.8672987        0.000    
     417        818694  3   -3.2397583        0.000    
     418        818696  1    9.9963137        0.000    
     418        818696  2   -2.8205136        0.000    
     418        818696  3   0.55315668        0.000    
     419        818700  1    39.991504        0.000    
     419        818700  2    4.8870370        0.000    
     419        818700  3   -3.4146835        0.000    
     420        818701  1    11.134451        0.000    
     420        818701  2   -1.5422965        0.000    
     420        818701  3   0.59661089E-001   0.000    
     421        818703  1  -0.24718064        0.000    
     421        818703  2   -3.0907320        0.000    
     421        818703  3    1.0861053        0.000    
     422        818704  1   -4.9127485       12.500    
     422        818704  2    4.6256358       12.500    
     422        818704  3   -1.3995816       12.500    
     423        818708  1    2.8681387        0.000    
     423        818708  2    5.0045656        0.000    
     423        818708  3   -1.8646886        0.000    
     424        818709  1   -26.607587        0.000    
     424        818709  2   -1.3609156        0.000    
     424        818709  3    1.6138228        0.000    
     425        818710  1   -14.545988        0.000    
     425        818710  2    4.2473458        0.000    
     425        818710  3  -0.85504154        0.000    
     426        818716  1   -50.445250        0.000    
     426        818716  2   -3.7751050        0.000    
     426        818716  3    3.4755790        0.000    
     427        818718  1    7.7769072        0.000    
     427        818718  2    3.6680872        0.000    
     427        818718  3   -1.6099630        0.000    
     428        819502  1   -18.257805        0.000    
     428        819502  2   -3.8421993        0.000    
     428        819502  3    2.1195756        0.000    
     429        819504  1    31.024300        0.000    
     429        819504  2    8.0650363        0.000    
     429        819504  3   -4.1364122        0.000    
     430        819506  1    20.606780        0.000    
     430        819506  2   -3.8059471        0.000    
     430        819506  3   0.44168864        0.000    
     431        819510  1    36.209328        0.000    
     431        819510  2    6.2791072        0.000    
     431        819510  3   -3.7371852        0.000    
     432        819512  1    19.094386        0.000    
     432        819512  2    3.7852570        0.000    
     432        819512  3   -2.1356736        0.000    
     433        819514  1   -25.627104        0.000    
     433        819514  2   -14.610073        0.000    
     433        819514  3    6.1832129        0.000    
     434        819516  1    26.732365        0.000    
     434        819516  2    20.337799        0.000    
     434        819516  3   -8.2242737        0.000    
     435        819520  1   -14.827975        0.000    
     435        819520  2  -0.93730038        0.000    
     435        819520  3   0.96159998        0.000    
     436        819524  1   -23.949556        0.000    
     436        819524  2   -5.9733276        0.000    
     436        819524  3    3.1052452        0.000    
     437        819526  1    12.938010        0.000    
     437        819526  2   -6.9425841        0.000    
     437        819526  3    1.8619896        0.000    
     438        819530  1    27.704813        0.000    
     438        819530  2    13.224379        0.000    
     438        819530  3   -5.7895652        0.000    
     439        819532  1   -24.235982        0.000    
     439        819532  2   -14.087947        0.000    
     439        819532  3    5.9418768        0.000    
     440        819534  1    78.525132        0.000    
     440        819534  2    5.2903215        0.000    
     440        819534  3   -5.2060914        0.000    
     441        819536  1   -53.658323        0.000    
     441        819536  2   -4.4988881        0.000    
     441        819536  3    3.8653196        0.000    
     442        819538  1   -91.173909        0.000    
     442        819538  2   -14.400489        0.000    
     442        819538  3    8.9190267        0.000    
     443        819540  1   -1.0821831        0.000    
     443        819540  2    4.4033208        0.000    
     443        819540  3   -1.4860449        0.000    
     444        819546  1   -47.082468        0.000    
     444        819546  2  -0.91591003        0.000    
     444        819546  3    2.3362236        0.000    
     445        819550  1   -47.485985        0.000    
     445        819550  2   -10.323146        0.000    
     445        819550  3    5.6275939        0.000    
     446        819554  1    23.861955        0.000    
     446        819554  2    8.6233024        0.000    
     446        819554  3   -4.0238951        0.000    
     447        819556  1   -31.255823        0.000    
     447        819556  2    3.5675132        0.000    
     447        819556  3   0.97796094E-001   0.000    
     448        819558  1   -13.352428        0.000    
     448        819558  2    3.1911351        0.000    
     448        819558  3  -0.53845188        0.000    
     449        819560  1    39.409684        6.250    
     449        819560  2    4.3441358        6.250    
     449        819560  3   -3.2007500        6.250    
     450        819562  1   -29.822986        0.000    
     450        819562  2   -6.3579855        0.000    
     450        819562  3    3.4910418        0.000    
     451        819564  1    43.170106        0.000    
     451        819564  2    4.9946978        0.000    
     451        819564  3   -3.5885177        0.000    
     452        819566  1  -0.88590009        0.000    
     452        819566  2   -6.4341508        0.000    
     452        819566  3    2.2773972        0.000    
     453        819568  1    36.858072        0.000    
     453        819568  2    1.5939993        0.000    
     453        819568  3   -2.1341575        0.000    
     454        819570  1    24.799022        0.000    
     454        819570  2   -2.0630609        0.000    
     454        819570  3  -0.34441916        0.000    
     455        819576  1    117.70283        0.000    
     455        819576  2    9.2882967        0.000    
     455        819576  3   -8.2766073        0.000    
     456        819580  1   -19.884352        0.000    
     456        819580  2    6.8175338        0.000    
     456        819580  3   -1.5206636        0.000    
     457        819582  1   -22.544952        0.000    
     457        819582  2   -6.0064122        0.000    
     457        819582  3    3.0566031        0.000    
     458        819584  1   -27.799200        0.000    
     458        819584  2    2.4452860        0.000    
     458        819584  3   0.34016315        0.000    
     459        819586  1    5.8496087        0.000    
     459        819586  2    6.1809372        0.000    
     459        819586  3   -2.4019719        0.000    
     460        819592  1    8.9349160        0.000    
     460        819592  2   -3.4312422        0.000    
     460        819592  3   0.81128400        0.000    
     461        819594  1   -23.664805        0.000    
     461        819594  2   -2.3151460        0.000    
     461        819594  3    1.8196749        0.000    
     462        819596  1    35.378882        0.000    
     462        819596  2   -5.0224045        0.000    
     462        819596  3   0.23198743        0.000    
     463        819600  1   -48.312182        0.000    
     463        819600  2   -11.956581        0.000    
     463        819600  3    6.2316768        0.000    
     464        819604  1   -47.606154        0.000    
     464        819604  2   -16.616031        0.000    
     464        819604  3    7.8233748        0.000    
     465        819606  1   -4.9131363        0.000    
     465        819606  2   -7.8439883        0.000    
     465        819606  3    2.9405650        0.000    
     466        819608  1   -2.6491493        0.000    
     466        819608  2    3.3854400        0.000    
     466        819608  3   -1.0647538        0.000    
     467        819610  1   -27.794612        0.000    
     467        819610  2   -8.9571705        0.000    
     467        819610  3    4.3085426        0.000    
     468        819612  1   -25.508039        0.000    
     468        819612  2  -0.28341382E-001   0.000    
     468        819612  3    1.1029005        0.000    
     469        819614  1   -44.579811        0.000    
     469        819614  2   -5.4741834        0.000    
     469        819614  3    3.8154843        0.000    
     470        819616  1    43.269811        0.000    
     470        819616  2   -7.7054770        0.000    
     470        819616  3   0.82766178        0.000    
     471        819618  1   -22.054452        0.000    
     471        819618  2   -15.384772        0.000    
     471        819618  3    6.2997736        0.000    
     472        819628  1   -10.487204        0.000    
     472        819628  2   -5.3425250        0.000    
     472        819628  3    2.3088258        0.000    
     473        819632  1   -7.7548649        0.000    
     473        819632  2   -1.1967221        0.000    
     473        819632  3   0.74887361        0.000    
     474        820502  1   -38.219790        0.000    
     474        820502  2   -4.9612992        0.000    
     474        820502  3    3.3645536        0.000    
     475        820506  1   -16.887284        0.000    
     475        820506  2    2.5036615        0.000    
     475        820506  3  -0.14775982        0.000    
     476        820516  1    9.6939774        0.000    
     476        820516  2    2.0826726        0.000    
     476        820516  3   -1.1404026        0.000    
     477        820522  1   -26.382249        0.000    
     477        820522  2   -3.5893202        0.000    
     477        820522  3    2.3799327        0.000    
     478        820526  1    42.662833        0.000    
     478        820526  2    11.934936        0.000    
     478        820526  3   -5.9820129        0.000    
     479        820528  1    37.224539        0.000    
     479        820528  2    2.8646986        0.000    
     479        820528  3   -2.5921929        0.000    
     480        820532  1   -35.473319        0.000    
     480        820532  2    2.6968768        0.000    
     480        820532  3   0.58140026        0.000    
     481        820534  1    10.770470        0.000    
     481        820534  2   -5.2465967        0.000    
     481        820534  3    1.3646461        0.000    
     482        820542  1   -1.4141363        0.000    
     482        820542  2   -2.0102346        0.000    
     482        820542  3   0.76035029        0.000    
     483        820544  1   -42.550012        0.000    
     483        820544  2   -3.5465637        0.000    
     483        820544  3    3.0576116        0.000    
     484        820548  1   -15.093095        0.000    
     484        820548  2   -4.7144932        0.000    
     484        820548  3    2.2875742        0.000    
     485        820550  1   -3.9820994        3.125    
     485        820550  2    1.7213553        3.125    
     485        820550  3  -0.42829939        3.125    
     486        820552  1    44.196526        0.000    
     486        820552  2   -6.0352255        0.000    
     486        820552  3   0.20674899        0.000    
     487        820558  1    67.181323        0.000    
     487        820558  2    4.9874358        0.000    
     487        820558  3   -4.6149160        0.000    
     488        820564  1    50.081879        0.000    
     488        820564  2   -4.9944570        0.000    
     488        820564  3  -0.40778251        0.000    
     489        820566  1    97.576018        0.000    
     489        820566  2    3.3305545        0.000    
     489        820566  3   -5.3405930        0.000    
     490        820568  1   -22.743630        0.000    
     490        820568  2   -9.1128529        0.000    
     490        820568  3    4.1463593        0.000    
     491        820570  1    3.3306533        0.000    
     491        820570  2   0.26138877        0.000    
     491        820570  3  -0.23372227        0.000    
     492        820576  1    42.052493        0.000    
     492        820576  2    7.7423709        0.000    
     492        820576  3   -4.4968785        0.000    
     493        820578  1    25.168133        0.000    
     493        820578  2    8.1965935        0.000    
     493        820578  3   -3.9311594        0.000    
     494        820586  1    1.3600700        0.000    
     494        820586  2    8.3589673        0.000    
     494        820586  3   -2.9672781        0.000    
     495        820590  1    55.201017        0.000    
     495        820590  2    8.3225729        0.000    
     495        820590  3   -5.2621862        0.000    
     496        820594  1    36.794883        0.000    
     496        820594  2   -7.7622903        0.000    
     496        820594  3    1.1246655        0.000    
     497        820598  1    43.282773        0.000    
     497        820598  2   -2.1663297        0.000    
     497        820598  3   -1.1007454        0.000    
     498        820600  1    21.555723        0.000    
     498        820600  2   -5.3940822        0.000    
     498        820600  3   0.95384864        0.000    
     499        820602  1    45.026093        0.000    
     499        820602  2   -2.1793382        0.000    
     499        820602  3   -1.1707233        0.000    
     500        820604  1    53.520558        0.000    
     500        820604  2    5.7565374        0.000    
     500        820604  3   -4.2970167        0.000    
     501        820606  1   0.62099195        0.000    
     501        820606  2   -13.627882        0.000    
     501        820606  3    4.7166854        0.000    
     502        820608  1    12.118614        0.000    
     502        820608  2   -11.524742        0.000    
     502        820608  3    3.4916241        0.000    
     503        820612  1    20.443388        0.000    
     503        820612  2   -34.442815        0.000    
     503        820612  3    11.111916        0.000    
     504        820614  1   -37.566850        0.000    
     504        820614  2  -0.94435618        0.000    
     504        820614  3    1.9383738        0.000    
     505        820616  1   -11.269155        0.000    
     505        820616  2    2.3404735        0.000    
     505        820616  3  -0.33177453        0.000    
     506        820628  1   -11.835190        0.000    
     506        820628  2    2.7655149        0.000    
     506        820628  3  -0.45553827        0.000    
     507        820636  1   -34.914857        0.000    
     507        820636  2   -8.3050797        0.000    
     507        820636  3    4.3867526        0.000    
     508        820638  1    43.272548        0.000    
     508        820638  2    15.141320        0.000    
     508        820638  3   -7.1241559        0.000    
     509        820644  1    2.8207645        0.000    
     509        820644  2  -0.98014442        0.000    
     509        820644  3   0.22004970        0.000    
     510        820648  1   -36.581712        0.000    
     510        820648  2    2.4317617        0.000    
     510        820648  3   0.72108468        0.000    
     511        820650  1    30.810198        0.000    
     511        820650  2    7.0048823        0.000    
     511        820650  3   -3.7584923        0.000    
     512        820656  1   -15.209888        0.000    
     512        820656  2   -2.0243437        0.000    
     512        820656  3    1.3563239        0.000    
     513        820658  1   -4.8322327        0.000    
     513        820658  2   -6.4909730        0.000    
     513        820658  3    2.4660880        0.000    
     514        820664  1    46.782837        0.000    
     514        820664  2    15.206220        0.000    
     514        820664  3   -7.2975096        0.000    
     515        820668  1    1.1708036        0.000    
     515        820668  2   0.17618605        0.000    
     515        820668  3  -0.11162097        0.000    
     516        820672  1    17.027564        0.000    
     516        820672  2   -10.650548        0.000    
     516        820672  3    2.9775194        0.000    
     517        820674  1    2.2301627       12.500    
     517        820674  2    12.082679       12.500    
     517        820674  3   -4.3010261       12.500    
     518        820678  1   -8.1056942        0.000    
     518        820678  2   -6.5268155        0.000    
     518        820678  3    2.6190954        0.000    
     519        820680  1   -36.576077        0.000    
     519        820680  2   -7.6357387        0.000    
     519        820680  3    4.2249599        0.000    
     520        820684  1    3.4508111        0.000    
     520        820684  2    4.5872770        0.000    
     520        820684  3   -1.7444115        0.000    
     521        820688  1    10.055196        0.000    
     521        820688  2  -0.88999456        0.000    
     521        820688  3  -0.12131529        0.000    
     522        820690  1    16.392030        0.000    
     522        820690  2    7.7815281        0.000    
     522        820690  3   -3.4108763        0.000    
     523        820692  1    4.7493934        0.000    
     523        820692  2   -1.1574433        0.000    
     523        820692  3   0.19914761        0.000    
     524        820694  1   -58.112216        0.000    
     524        820694  2   -7.6507723        0.000    
     524        820694  3    5.1531124        0.000    
     525        820700  1    19.990016        0.000    
     525        820700  2    13.932197        0.000    
     525        820700  3   -5.7056358        0.000    
     526        820708  1   -48.570075        3.125    
     526        820708  2    4.1494166        3.125    
     526        820708  3   0.63713357        3.125    
     527        820710  1   -43.221953        0.000    
     527        820710  2    8.5510205        0.000    
     527        820710  3   -1.1241223        0.000    
     528        820716  1    5.0831665        0.000    
     528        820716  2    5.3951059        0.000    
     528        820716  3   -2.0955745        0.000    
     529        820718  1   -7.8237072        0.000    
     529        820718  2    2.6632316        0.000    
     529        820718  3  -0.59170105        0.000    
     530        820724  1    5.5590871        0.000    
     530        820724  2  -0.33712488        0.000    
     530        820724  3  -0.12107791        0.000    
     531        820730  1   -78.275321       12.500    
     531        820730  2    10.392621       12.500    
     531        820730  3  -0.26304393       12.500    
     532        821502  1   -37.810179        0.000    
     532        821502  2   -8.5764815        0.000    
     532        821502  3    4.6052749        0.000    
     533        821508  1    1.6772718        0.000    
     533        821508  2   -6.7793574        0.000    
     533        821508  3    2.2881141        0.000    
     534        821512  1    17.639926        0.000    
     534        821512  2    12.454663        0.000    
     534        821512  3   -5.0905557        0.000    
     535        821516  1   -71.747257        0.000    
     535        821516  2   -18.919170        0.000    
     535        821516  3    9.6592309        0.000    
     536        821518  1    41.735284        0.000    
     536        821518  2   0.78034603E-001   0.000    
     536        821518  3   -1.8155609        0.000    
     537        821520  1    80.260605        0.000    
     537        821520  2   -2.7566390        0.000    
     537        821520  3   -2.4799253        0.000    
     538        821522  1   -53.232472        0.000    
     538        821522  2   -6.5855301        0.000    
     538        821522  3    4.5730185        0.000    
     539        821528  1    39.181888        0.000    
     539        821528  2   -5.4465634        0.000    
     539        821528  3   0.21648478        0.000    
     540        821530  1   -28.874467        0.000    
     540        821530  2    4.6324417        0.000    
     540        821530  3  -0.37469250        0.000    
     541        821532  1   -5.8173657        0.000    
     541        821532  2   -6.0878365        0.000    
     541        821532  3    2.3682261        0.000    
     542        821534  1    68.575307        0.000    
     542        821534  2    13.636541        0.000    
     542        821534  3   -7.6843617        0.000    
     543        821536  1    17.574202        0.000    
     543        821536  2   -5.0777690        0.000    
     543        821536  3    1.0140480        0.000    
     544        821538  1    36.030602        0.000    
     544        821538  2    2.0706943        0.000    
     544        821538  3   -2.2648757        0.000    
     545        821544  1    6.2924820        0.000    
     545        821544  2    13.235218        0.000    
     545        821544  3   -4.8762914        0.000    
     546        821546  1   -84.875538        0.000    
     546        821546  2   -13.110516        0.000    
     546        821546  3    8.2001371        0.000    
     547        821554  1    75.886244        0.000    
     547        821554  2    24.107745        0.000    
     547        821554  3   -11.642043        0.000    
     548        821556  1   -25.172134        0.000    
     548        821556  2   -15.932305        0.000    
     548        821556  3    6.6236325        0.000    
     549        821562  1    11.138328        0.000    
     549        821562  2    10.415624        0.000    
     549        821562  3   -4.1022616        0.000    
     550        821564  1    19.971148        0.000    
     550        821564  2    8.1420613        0.000    
     550        821564  3   -3.6897237        0.000    
     551        821570  1   0.70924449        0.000    
     551        821570  2   -4.4472572        0.000    
     551        821570  3    1.5174101        0.000    
     552        821572  1   -29.751203        0.000    
     552        821572  2   -6.5494459        0.000    
     552        821572  3    3.5542585        0.000    
     553        821574  1   -15.632841        0.000    
     553        821574  2    1.9638628        0.000    
     553        821574  3  -0.13501936E-001   0.000    
     554        821580  1   -18.769667        0.000    
     554        821580  2   -11.925761        0.000    
     554        821580  3    4.9550075        0.000    
     555        821584  1   -8.2549420        0.000    
     555        821584  2   -3.5385726        0.000    
     555        821584  3    1.5852032        0.000    
     556        821586  1    46.276738        0.000    
     556        821586  2    6.5123933        0.000    
     556        821586  3   -4.2499284        0.000    
     557        821588  1   -7.7784357        0.000    
     557        821588  2   -10.935073        0.000    
     557        821588  3    4.1395553        0.000    
     558        821590  1    45.782390        0.000    
     558        821590  2    9.9366298        0.000    
     558        821590  3   -5.4204652        0.000    
     559        821594  1   -7.9896024        1.562    
     559        821594  2   -11.330590        1.562    
     559        821594  3    4.2859183        1.562    
     560        821596  1    42.371792        0.000    
     560        821596  2    21.818767        0.000    
     560        821596  3   -9.4095989        0.000    
     561        821598  1   -59.531540        0.000    
     561        821598  2   -16.026850        0.000    
     561        821598  3    8.1290229        0.000    
     562        821602  1    46.580133        0.000    
     562        821602  2    6.1069683        0.000    
     562        821602  3   -4.1218337        0.000    
     563        821612  1    53.077196        0.000    
     563        821612  2    11.428568        0.000    
     563        821612  3   -6.2521291        0.000    
     564        821614  1    76.859798        0.000    
     564        821614  2    10.216075        0.000    
     564        821614  3   -6.8493504        0.000    
     565        821616  1   -3.7833924        0.000    
     565        821616  2   -2.8151267        0.000    
     565        821616  3    1.1421603        0.000    
     566        821618  1    28.144889        0.000    
     566        821618  2    17.604273        0.000    
     566        821618  3   -7.3331561        0.000    
     567        821622  1   -45.142902        0.000    
     567        821622  2   0.83401163        0.000    
     567        821622  3    1.6444377        0.000    
     568        821628  1   -33.628431        0.000    
     568        821628  2   -4.7397311        0.000    
     568        821628  3    3.0905678        0.000    
     569        821634  1   -17.799826        0.000    
     569        821634  2   -3.1904030        0.000    
     569        821634  3    1.8737644        0.000    
     570        821636  1    14.388502        0.000    
     570        821636  2   0.86276995        0.000    
     570        821636  3  -0.91703583        0.000    
     571        821638  1    12.173771        0.000    
     571        821638  2    10.432694        0.000    
     571        821638  3   -4.1528594        0.000    
     572        821642  1   -15.422656        0.000    
     572        821642  2   0.32370586E-001   0.000    
     572        821642  3   0.64960650        0.000    
     573        821644  1    4.6046112        0.000    
     573        821644  2   -7.8837300        0.000    
     573        821644  3    2.5464449        0.000    
     574        821670  1    83.779197        0.000    
     574        821670  2   -2.2686065        0.000    
     574        821670  3   -2.8006289        0.000    
     575        821674  1   -73.494742        0.000    
     575        821674  2    3.6646552        0.000    
     575        821674  3    1.8737807        0.000    
     576        821676  1   -12.117517        0.000    
     576        821676  2   -2.2558764        0.000    
     576        821676  3    1.3043544        0.000    
     577        821678  1   -45.261182        0.000    
     577        821678  2   -8.4146988        0.000    
     577        821678  3    4.8679128        0.000    
     578        821686  1    25.763155        0.000    
     578        821686  2  -0.66899194        0.000    
     578        821686  3  -0.87125125        0.000    
     579        821696  1    9.2631710        0.000    
     579        821696  2   -3.7891170        0.000    
     579        821696  3   0.92186046        0.000    
     580        821702  1   -7.7822012        0.000    
     580        821702  2    5.0928831        0.000    
     580        821702  3   -1.4391996        0.000    
     581        821704  1    33.576156        0.000    
     581        821704  2    18.557694        0.000    
     581        821704  3   -7.8977435        0.000    
     582        821720  1    50.817209        0.000    
     582        821720  2    1.4312542        0.000    
     582        821720  3   -2.6758980        0.000    
     583        821726  1    30.619976        0.000    
     583        821726  2    2.9692465        0.000    
     583        821726  3   -2.3455985        0.000    
     584        821728  1    40.927203        0.000    
     584        821728  2   0.22261974        0.000    
     584        821728  3   -1.8313421        0.000    
     585        821736  1    19.107302        0.000    
     585        821736  2   -11.215801        0.000    
     585        821736  3    3.0849789        0.000    
